key 0 is : 
1 1 0 1 1 0 0 0 
1 0 1 1 0 0 1 1 
1 0 1 0 0 1 0 0 
1 0 1 1 0 1 1 0 
1 0 1 1 0 1 1 0 
0 1 0 1 1 1 0 1 

key 1 is : 
1 1 1 1 0 0 1 1 
1 0 1 0 1 1 0 0 
0 0 1 0 0 1 1 0 
1 1 1 1 1 0 1 1 
0 0 0 1 0 1 0 0 
0 0 0 1 1 1 1 1 

key 2 is : 
1 1 1 0 1 0 0 0 
1 0 1 0 1 1 1 0 
1 0 0 1 0 0 1 0 
0 1 0 0 1 1 1 1 
0 1 1 1 0 0 1 1 
1 0 1 0 1 1 1 0 

key 3 is : 
0 1 1 1 0 1 0 0 
1 0 1 1 0 1 1 0 
0 0 1 1 1 1 1 0 
0 0 1 1 0 1 0 0 
0 1 1 1 1 0 0 1 
1 1 1 0 1 1 0 1 

key 4 is : 
1 1 1 0 0 1 1 0 
1 0 0 1 0 1 0 0 
0 1 0 1 0 0 1 0 
1 1 1 0 0 0 1 0 
1 0 0 1 1 0 0 0 
1 1 1 1 0 1 1 1 

key 5 is : 
0 1 1 0 1 1 1 0 
1 1 0 0 1 0 1 0 
0 1 1 1 0 1 1 0 
1 1 0 0 0 1 1 1 
1 0 1 0 1 1 1 1 
1 0 1 1 1 0 1 1 

key 6 is : 
1 0 1 0 1 1 1 0 
1 1 1 1 0 0 0 1 
0 0 0 1 1 0 1 0 
0 0 1 1 1 1 1 1 
0 0 0 1 1 1 1 1 
0 1 0 1 1 0 0 1 

key 7 is : 
0 0 1 0 1 1 1 0 
0 0 0 0 0 1 1 1 
0 1 1 1 1 0 1 1 
0 1 0 1 1 0 1 1 
1 1 0 1 0 0 0 1 
0 1 1 1 0 1 1 0 

key 8 is : 
0 0 1 1 1 0 1 1 
1 1 0 1 0 0 1 1 
1 1 0 1 0 0 0 1 
1 1 0 1 1 1 0 0 
1 1 0 0 1 0 1 1 
1 1 1 0 1 1 1 0 

key 9 is : 
0 0 0 1 1 1 0 1 
0 1 0 1 0 0 0 1 
1 1 1 0 1 0 1 1 
0 0 0 1 0 1 0 0 
1 1 1 1 1 1 1 0 
1 1 0 1 1 0 0 1 

key 10 is : 
1 0 1 1 0 0 1 1 
0 1 0 0 0 0 0 1 
1 1 0 1 1 1 0 1 
1 1 1 1 1 0 1 1 
1 0 1 1 0 1 0 0 
0 1 1 1 0 0 0 1 

key 11 is : 
0 0 0 1 1 1 0 1 
0 1 0 0 1 0 1 1 
1 0 0 0 0 1 0 1 
1 0 1 0 1 0 1 1 
1 1 1 0 1 1 1 1 
0 0 1 0 1 0 1 0 

key 12 is : 
0 0 0 1 0 0 1 1 
0 0 1 1 1 0 0 1 
1 0 1 1 1 1 0 1 
0 0 1 1 1 1 0 0 
0 1 1 1 1 1 1 1 
0 0 0 1 0 1 1 0 

key 13 is : 
1 0 0 1 1 1 0 1 
0 0 1 0 0 1 0 0 
1 1 1 0 0 1 0 1 
1 1 1 1 1 1 0 1 
0 1 0 0 0 0 0 0 
1 1 1 1 0 1 1 0 

key 14 is : 
1 1 0 1 0 0 1 1 
0 1 0 0 1 1 1 0 
1 0 1 0 1 1 0 0 
1 1 0 0 0 1 0 1 
1 1 1 0 1 0 1 0 
1 1 0 0 1 0 1 1 

key 15 is : 
0 1 1 0 0 1 0 0 
1 0 1 0 1 1 0 0 
1 0 1 0 1 0 1 1 
0 1 1 1 0 0 0 1 
1 0 1 0 1 1 1 1 
1 0 0 1 1 0 0 1 

key is: 5d6d3eea0777b534
input string is: aaaaaaaa
Encrypt hex string is: 9292929292929292
Decrypt string is: aaaaaaaa
